33
67.50 0.05 0.33
75.00 0.05 0.33
110.00 0.03 0.34
135.00 0.05 0.34
135.00 0.05 0.34
0.34
60.00 0.05 0.33
67.50 0.05 0.33
67.50 0.05 0.33
75.00 0.05 0.33
110.00 0.03 0.34
135.00 0.05 0.34
135.00 0.05 0.34
44
Found sensor
140.00 0.05 0.34
146.67 0.05 0.34
153.33 0.05 0.34
135.00 0.05 0.34
140.00 0.05 0.34
152.73 0.06 0.34
168.75 0.10 0.33
186.92 0.16 0.32
192.73 0.20 0.33
192.41 0.17 0.33
192.00 0.15 0.33
191.54 0.15 0.33
191.54 0.15 0.33
180.00 0.11 0.33
172.94 0.10 0.33
168.75 0.10 0.33
173.33 0.11 0.33
182.40 0.15 0.32
190.91 0.20 0.32
194.55 0.20 0.33
195.48 0.19 0.33
194.00 0.18 0.33
194.00 0.18 0.33
194.48 0.17 0.33
195.43 0.21 0.33
192.00 0.18 0.33
188.89 0.16 0.32
172.94 0.10 0.33
177.00 0.12 0.32
180.00 0.13 0.32
195.00 0.22 0.33
195.43 0.21 0.33
195.00 0.17 0.33
120.00 0.01 0.35
60.00 0.03 0.34
60.00 0.03 0.34
77.14 0.04 0.34
54.00 0.06 0.33
54.00 0.06 0.33
54.55 0.07 0.33
80.00 0.05 0.34
130.00 0.03 0.34
162.86 0.04 0.34
171.43 0.04 0.34
171.43 0.04 0.34
185.45 0.06 0.34
184.29 0.08 0.33
180.00 0.08 0.33
160.00 0.05 0.34
140.00 0.03 0.34
100.00 0.03 0.34
163.64 0.07 0.33
176.84 0.12 0.32
188.11 0.23 0.32
190.00 0.22 0.32
193.47 0.30 0.32
197.00 0.37 0.32
197.27 0.41 0.31
197.14 0.39 0.32
197.00 0.37 0.32
196.47 0.31 0.32
193.95 0.26 0.32
192.27 0.27 0.32
192.56 0.27 0.32
192.00 0.25 0.32
190.29 0.21 0.32
187.74 0.19 0.32
