0.00 0.00 0.00
0.00 0.00 0.00
0.00 0.00 0.00
0.00 0.00 0.00
0.00 0.00 0.00
0.00 0.00 0.00
0.00 0.00 0.00
0.00 0.00 0.00
0.00 0.00 0.00
0.00 0.00 0.00
0.00 0.00 0.00
0.00 0.00 0.00
44
Found sensor
0.00 0.00 0.00
96.00 0.34 0.35
95.59 0.34 0.34
96.21 0.33 0.34
97.24 0.33 0.34
97.63 0.34 0.34
96.21 0.33 0.34
95.59 0.34 0.34
93.10 0.33 0.34
92.07 0.33 0.34
90.51 0.35 0.34
90.00 0.34 0.34
88.42 0.33 0.34
82.35 0.30 0.33
80.43 0.28 0.33
78.75 0.29 0.33
82.04 0.29 0.33
91.00 0.35 0.34
92.07 0.34 0.34
95.00 0.34 0.34
94.91 0.31 0.34
95.36 0.32 0.35
96.00 0.32 0.34
96.67 0.31 0.34
96.47 0.29 0.34
95.00 0.28 0.34
93.75 0.28 0.34
93.75 0.28 0.34
94.62 0.30 0.34
94.29 0.33 0.34
92.07 0.34 0.34
91.53 0.34 0.34
91.03 0.34 0.34
87.86 0.33 0.34
88.36 0.32 0.34
87.27 0.32 0.34
73.47 0.30 0.32
57.39 0.28 0.32
54.89 0.29 0.32
51.60 0.30 0.32
56.17 0.29 0.32
61.30 0.29 0.31
65.33 0.28 0.32
64.29 0.26 0.32
58.46 0.24 0.32
55.38 0.24 0.32
55.38 0.24 0.32
57.07 0.25 0.32
60.00 0.27 0.32
57.39 0.28 0.32
56.25 0.30 0.32
61.33 0.28 0.32
68.75 0.29 0.32
83.33 0.32 0.33
91.53 0.34 0.34
94.84 0.36 0.34
97.50 0.32 0.34
95.00 0.28 0.34
95.51 0.28 0.34
97.24 0.33 0.34
96.77 0.35 0.35
94.00 0.34 0.34
84.64 0.33 0.33
76.47 0.31 0.33
61.28 0.29 0.32
53.88 0.30 0.32
53.88 0.30 0.32
65.22 0.28 0.32
66.98 0.27 0.32
64.50 0.25 0.32
65.71 0.26 0.32
62.55 0.29 0.32
