8.68 0.47 0.31
44
Found sensor
38.26 0.43 0.32
39.09 0.41 0.32
39.09 0.41 0.32
39.09 0.41 0.32
39.38 0.40 0.32
39.34 0.38 0.32
39.34 0.38 0.32
39.31 0.36 0.32
39.09 0.41 0.32
38.25 0.50 0.31
37.58 0.57 0.31
38.24 0.57 0.31
37.75 0.56 0.31
37.50 0.55 0.31
37.58 0.57 0.31
38.24 0.57 0.31
38.67 0.57 0.31
39.07 0.54 0.31
38.78 0.52 0.31
40.62 0.41 0.31
38.96 0.48 0.31
37.67 0.54 0.31
36.55 0.54 0.32
36.40 0.55 0.32
36.28 0.53 0.32
33.49 0.51 0.33
33.18 0.50 0.33
33.57 0.50 0.33
34.40 0.45 0.33
34.93 0.40 0.33
36.43 0.34 0.33
35.29 0.41 0.33
35.34 0.44 0.32
34.48 0.53 0.32
36.00 0.52 0.32
35.86 0.53 0.32
35.86 0.53 0.32
37.30 0.46 0.32
37.85 0.40 0.32
39.64 0.35 0.32
36.32 0.46 0.32
34.81 0.49 0.32
33.79 0.52 0.33
33.49 0.51 0.33
34.07 0.49 0.33
34.15 0.38 0.33
33.44 0.36 0.33
35.00 0.36 0.33
38.36 0.37 0.32
39.69 0.40 0.32
38.05 0.51 0.31
37.33 0.56 0.31
37.58 0.57 0.31
37.75 0.56 0.31
37.78 0.50 0.32
39.13 0.43 0.32
38.71 0.38 0.32
37.04 0.50 0.32
36.71 0.52 0.32
35.45 0.54 0.32
35.73 0.55 0.32
36.82 0.54 0.32
38.90 0.58 0.31
39.33 0.58 0.31
36.00 0.52 0.32
33.08 0.46 0.33
33.08 0.46 0.33
34.69 0.38 0.33
35.41 0.37 0.33
34.93 0.40 0.33
34.39 0.49 0.33
33.88 0.51 0.33
34.19 0.52 0.33
39.10 0.57 0.31
39.10 0.57 0.31
39.31 0.55 0.31
39.20 0.47 0.31
39.20 0.47 0.31
38.78 0.52 0.31
38.86 0.56 0.31
37.58 0.57 0.31
36.92 0.57 0.32
38.00 0.57 0.31
38.71 0.56 0.32
38.43 0.56 0.31
39.31 0.55 0.31
39.10 0.57 0.31
38.67 0.57 0.31
38.67 0.57 0.31
37.08 0.55 0.32
32.25 0.47 0.33
34.05 0.44 0.33
34.93 0.40 0.33
35.29 0.41 0.33
34.29 0.46 0.33
34.78 0.41 0.33
38.10 0.39 0.32
37.50 0.55 0.31
37.75 0.56 0.31
37.33 0.56 0.31
35.86 0.53 0.32
35.56 0.49 0.32
36.59 0.51 0.32
35.85 0.50 0.32
36.14 0.51 0.32
36.28 0.53 0.32
36.43 0.52 0.32
